1506.20000000
1507.20000000
1507.80000000
1508.40000000
1508.60000000
1501.80000000
1502.40000000
1504.40000000
1496.80000000
1507.40000000
1505.60000000
1506.60000000
1508.00000000
1507.00000000
1505.60000000
1503.00000000
1508.60000000
1505.40000000
1508.00000000
1508.40000000
1504.20000000
1510.60000000
1509.20000000
1505.00000000
1509.00000000
1507.60000000
1500.60000000
1506.00000000
1507.00000000
1509.20000000
1502.80000000
1506.60000000
1508.40000000
1508.60000000
1506.60000000
1509.40000000
1506.20000000
1500.00000000
1494.40000000
1510.60000000
1507.60000000
1508.80000000
1505.80000000
1509.00000000
1503.80000000
1506.20000000
1509.60000000
1501.00000000
1505.60000000
1509.60000000
1507.60000000
1501.20000000
1509.20000000
1503.20000000
1508.40000000
1508.40000000
1500.80000000
1505.80000000
1504.20000000
1499.00000000
1505.20000000
1500.80000000
1508.40000000
1510.60000000
1505.60000000
1492.00000000
1501.40000000
1505.20000000
1504.40000000
1501.80000000
1507.00000000
1505.80000000
1499.20000000
1506.60000000
1505.40000000
1506.60000000
1509.60000000
1507.20000000
1508.00000000
1507.60000000
1508.40000000
1501.60000000
1508.20000000
1509.20000000
1508.20000000
1508.20000000
1510.80000000
1507.80000000
1457.60000000
1504.60000000
1502.40000000
1508.20000000
1504.20000000
1507.00000000
1503.00000000
1498.00000000
1504.60000000
1495.60000000
1506.60000000
1508.80000000
1506.00000000
1497.00000000
1508.00000000
1513.60000000
1501.60000000
1496.40000000
1503.80000000
1503.00000000
1507.60000000
1504.80000000
1500.60000000
1497.80000000
1505.40000000
1489.40000000
1503.40000000
1510.40000000
1504.60000000
1505.60000000
1508.40000000
1505.80000000
1501.20000000
1508.60000000
1507.80000000
1513.00000000
1510.80000000
1503.20000000
1503.20000000
1504.60000000
1504.20000000
1501.60000000
1511.40000000
1496.20000000
1504.40000000
1507.60000000
1507.20000000
1508.20000000
1507.60000000
1511.00000000
1502.80000000
1499.60000000
1507.20000000
1503.80000000
1507.40000000
1502.60000000
1502.80000000
1512.20000000
1507.40000000
1502.20000000
1505.00000000
1506.60000000
1507.00000000
1510.40000000
1512.80000000
1510.40000000
1511.80000000
1508.60000000
1504.40000000
1507.80000000
1507.40000000
1506.80000000
1504.80000000
1501.40000000
1504.00000000
1511.20000000
1510.60000000
1508.20000000
1507.40000000
1501.40000000
1506.20000000
1510.40000000
1496.80000000
1511.20000000
1499.60000000
1508.00000000
1505.40000000
1504.60000000
1508.60000000
1510.00000000
1509.80000000
1507.60000000
1508.40000000
1496.60000000
1510.80000000
1499.20000000
1508.80000000
1510.80000000
1509.40000000
1507.00000000
1504.00000000
1478.80000000
1503.60000000
1511.20000000
1508.60000000
1507.20000000
1505.40000000
1504.80000000
1504.00000000
1503.40000000
1506.80000000
1492.00000000
1507.00000000
1509.80000000
1504.40000000
1506.40000000
1506.00000000
1505.20000000
1507.60000000
1501.20000000
1505.00000000
1502.80000000
1507.00000000
1508.80000000
1508.20000000
1504.20000000
1506.00000000
1499.60000000
1502.20000000
1507.80000000
1504.20000000
1503.60000000
1506.80000000
1510.80000000
1503.20000000
1504.40000000
1498.20000000
1501.60000000
1511.80000000
1505.20000000
1505.00000000
1509.80000000
1509.60000000
1504.60000000
1498.40000000
1507.40000000
1508.20000000
1502.40000000
1508.60000000
1505.40000000
1506.80000000
1509.40000000
1507.40000000
1506.60000000
1509.60000000
1506.80000000
1494.60000000
1501.20000000
1511.00000000
1505.00000000
1509.40000000
1507.40000000
1510.60000000
1501.20000000
1505.00000000
1502.80000000
1511.60000000
1503.80000000
1497.20000000
1509.00000000
1505.20000000
1509.80000000
1508.40000000
1502.00000000
1506.40000000
1490.60000000
1512.60000000
1505.40000000
1505.00000000
1505.20000000
1498.20000000
1501.80000000
1512.20000000
1499.80000000
1499.60000000
1506.20000000
1505.20000000
1498.60000000
1504.80000000
1507.20000000
1494.40000000
1498.60000000
1503.80000000
1508.20000000
1504.00000000
1508.60000000
1509.20000000
1506.40000000
1506.20000000
1506.80000000
1503.00000000
1509.40000000
1512.60000000
1500.60000000
1507.20000000
1508.60000000
1511.80000000
1504.40000000
1507.60000000
1499.60000000
1509.00000000
1508.80000000
1506.20000000
1509.60000000
1498.80000000
1501.80000000
1506.60000000
1506.80000000
1503.20000000
1500.20000000
1502.80000000
1503.60000000
1510.60000000
1510.80000000
1504.80000000
1509.60000000
1511.40000000
1513.40000000
1508.40000000
1505.00000000
1506.20000000
1503.40000000
1513.60000000
1504.80000000
1498.40000000
1504.40000000
1509.80000000
1508.20000000
1504.80000000
1506.40000000
1504.00000000
1511.40000000
1510.60000000
1508.20000000
1504.20000000
1508.60000000
1512.00000000
1508.00000000
1499.00000000
1492.20000000
1498.40000000
1506.60000000
1508.00000000
1508.20000000
1500.00000000
1510.60000000
1497.20000000
1510.00000000
1505.20000000
1511.00000000
1497.40000000
1506.00000000
1506.40000000
1507.60000000
1508.00000000
1508.00000000
1507.20000000
1509.40000000
1504.80000000
1506.60000000
1514.20000000
1509.40000000
1507.00000000
1505.00000000
1499.20000000
1511.00000000
1512.20000000
1496.60000000
1509.40000000
1505.20000000
1510.20000000
1503.40000000
1497.00000000
1497.20000000
1508.40000000
1512.80000000
1508.20000000
1498.60000000
1502.20000000
1507.60000000
1506.00000000
1502.20000000
1503.60000000
1509.20000000
1510.80000000
1506.80000000
1509.00000000
1506.00000000
1500.40000000
1511.40000000
1507.40000000
1510.00000000
1496.40000000
1504.80000000
1487.80000000
1508.60000000
1506.60000000
1509.20000000
1507.80000000
1509.80000000
1501.60000000
1506.20000000
1503.40000000
1510.20000000
1506.20000000
1508.20000000
1511.80000000
1502.60000000
1510.00000000
1511.60000000
1508.80000000
1500.60000000
1505.40000000
1509.60000000
1505.60000000
1507.00000000
1505.20000000
1509.40000000
1506.80000000
1508.40000000
1513.20000000
1503.40000000
1511.80000000
1509.40000000
1501.80000000
1503.40000000
1511.80000000
1504.20000000
1488.60000000
1508.80000000
1488.60000000
1508.80000000
1505.40000000
1505.40000000
1510.60000000
1504.80000000
1511.40000000
1512.20000000
1502.80000000
1505.40000000
1507.40000000
1512.00000000
1512.00000000
1503.60000000
1506.40000000
1510.60000000
1514.40000000
1508.00000000
1505.00000000
1505.00000000
1506.60000000
1507.60000000
1509.40000000
1505.40000000
1498.80000000
1507.60000000
1507.80000000
1510.80000000
1503.60000000
1511.40000000
1506.40000000
1506.00000000
1481.20000000
1500.20000000
1509.00000000
1506.00000000
1509.80000000
1498.20000000
1499.20000000
1503.80000000
1501.40000000
1508.20000000
1511.40000000
1509.80000000
1507.20000000
1509.60000000
1507.40000000
1503.40000000
1486.00000000
1510.40000000
1506.20000000
1512.40000000
1508.60000000
1507.60000000
1508.60000000
1513.40000000
1509.80000000
1502.00000000
1504.20000000
1503.40000000
1509.60000000
1509.40000000
1506.20000000
1508.60000000
1496.40000000
1509.20000000
1499.40000000
1509.20000000
1507.40000000
1506.20000000
1506.60000000
1509.00000000
1506.80000000
1510.40000000
1504.00000000
1507.60000000
1511.20000000
1511.60000000
1508.80000000
1505.80000000
1502.40000000
1511.20000000
1501.80000000
1511.00000000
1508.80000000
1508.40000000
1511.60000000
1507.00000000
1510.40000000
1497.00000000
1497.20000000
1501.20000000
1501.80000000
1508.40000000
1512.40000000
1492.20000000
1503.00000000
1506.40000000
1509.20000000
1510.40000000
1513.40000000
1506.40000000
1509.40000000
1507.80000000
1512.00000000
1508.20000000
1507.60000000
1507.00000000
1499.80000000
1511.00000000
1511.60000000
1507.40000000
1500.40000000
1505.80000000
1507.60000000
1505.20000000
1515.00000000
1507.60000000
1504.20000000
1511.60000000
1508.60000000
1509.60000000
1508.00000000
1509.60000000
1504.40000000
1508.40000000
1505.60000000
1507.40000000
1508.20000000
1507.80000000
1512.60000000
1508.20000000
1508.60000000
1508.80000000
1495.40000000
1501.80000000
1510.60000000
1512.00000000
1507.40000000
1509.60000000
1498.40000000
1500.80000000
1507.80000000
1499.40000000
1512.20000000
1510.00000000
1512.60000000
1504.80000000
1511.00000000
1510.80000000
1506.20000000
1498.60000000
1507.80000000
1510.80000000
1498.20000000
1508.20000000
1507.00000000
1509.00000000
1512.20000000
1507.20000000
1490.00000000
1508.00000000
1505.40000000
1510.60000000
1509.40000000
1506.40000000
1499.80000000
1496.40000000
1506.40000000
1507.80000000
1510.00000000
1509.80000000
1497.80000000
1502.00000000
1505.60000000
1510.20000000
1505.20000000
1502.20000000
1504.20000000
1505.00000000
1504.20000000
1510.00000000
1503.20000000
1514.00000000
1506.40000000
1506.20000000
1506.00000000
1502.60000000
1507.00000000
1507.20000000
1506.80000000
1507.00000000
1509.80000000
1510.80000000
1507.40000000
1505.40000000
1506.20000000
1507.80000000
1509.40000000
1509.00000000
1508.00000000
1502.80000000
1507.20000000
1506.80000000
1511.80000000
1510.80000000
1506.00000000
1510.80000000
1505.60000000
1510.20000000
1507.20000000
1505.80000000
1503.00000000
1503.60000000
1504.60000000
1507.20000000
1512.40000000
1509.80000000
1507.00000000
1505.00000000
1500.60000000
1500.20000000
1500.40000000
1502.40000000
1509.40000000
1510.20000000
1506.80000000
1501.40000000
1501.20000000
1506.80000000
1510.40000000
1510.80000000
1509.00000000
1509.20000000
1510.00000000
1489.00000000
1513.20000000
1496.80000000
1507.80000000
1512.80000000
1509.40000000
1511.80000000
1502.60000000
1509.40000000
1486.80000000
1514.80000000
1504.40000000
1497.80000000
1505.40000000
1498.80000000
1510.60000000
1504.80000000
1500.40000000
1510.40000000
1510.60000000
1503.60000000
1502.20000000
1513.20000000
1510.80000000
1504.80000000
1505.20000000
1504.00000000
1512.00000000
1509.40000000
1501.60000000
1509.80000000
1503.60000000
1506.00000000
1508.00000000
1507.80000000
1504.80000000
1505.40000000
1511.40000000
1509.80000000
1503.40000000
1504.40000000
1508.60000000
1507.40000000
1504.00000000
1509.40000000
1509.40000000
1513.40000000
1508.80000000
1506.40000000
1511.80000000
1500.00000000
1504.20000000
1510.60000000
1513.40000000
1510.00000000
1502.20000000
1515.60000000
1507.80000000
1508.80000000
1512.60000000
1505.80000000
1506.80000000
1506.80000000
1509.60000000
1508.80000000
1504.40000000
1507.00000000
1510.40000000
1512.00000000
1511.60000000
1505.20000000
1510.00000000
1509.80000000
1503.00000000
1506.60000000
1503.60000000
1499.40000000
1507.20000000
1509.00000000
1505.80000000
1507.80000000
1503.00000000
1507.00000000
1510.00000000
1507.40000000
1512.80000000
1509.20000000
1506.60000000
1507.60000000
1509.80000000
1507.00000000
1505.40000000
1507.80000000
1510.80000000
1502.20000000
1507.00000000
1505.40000000
1512.00000000
1507.40000000
1501.00000000
1509.40000000
1508.40000000
1507.80000000
1507.60000000
1510.40000000
1505.00000000
1502.20000000
1509.20000000
1511.00000000
1506.40000000
1500.40000000
1508.40000000
1505.20000000
1510.80000000
1505.40000000
1508.40000000
1501.60000000
1504.00000000
1508.40000000
1503.60000000
1493.40000000
1510.20000000
1506.40000000
1508.20000000
1507.00000000
1508.80000000
1507.40000000
1509.60000000
1499.20000000
1505.60000000
1508.60000000
1499.60000000
1510.00000000
1506.80000000
1505.60000000
1511.80000000
1505.60000000
1509.20000000
1495.60000000
1509.20000000
1512.00000000
1509.40000000
1505.80000000
1514.00000000
1504.80000000
1507.60000000
1501.40000000
1493.40000000
1511.60000000
1511.00000000
1503.40000000
1509.00000000
1496.60000000
1506.80000000
1504.40000000
1511.40000000
1507.60000000
1507.80000000
1508.80000000
1505.20000000
1504.00000000
1499.00000000
1511.00000000
1498.60000000
1513.80000000
1511.20000000
1507.40000000
1509.40000000
1503.80000000
1508.80000000
1506.60000000
1514.40000000
1507.20000000
1511.80000000
1507.80000000
1512.20000000
1505.00000000
1505.00000000
1511.00000000
1508.80000000
1494.60000000
1507.40000000
1504.80000000
1507.00000000
1504.60000000
1508.20000000
1498.40000000
1501.40000000
1510.20000000
1505.60000000
1506.20000000
1506.00000000
1510.40000000
1505.80000000
1506.40000000
1509.00000000
1507.40000000
1501.60000000
1505.00000000
1504.00000000
1511.20000000
1511.80000000
1514.00000000
1513.40000000
1508.20000000
1509.20000000
1512.20000000
1503.00000000
1511.40000000
1511.00000000
1510.20000000
1506.20000000
1504.00000000
1509.00000000
1508.80000000
1508.60000000
1509.00000000
1510.00000000
1506.60000000
1507.00000000
1508.20000000
1503.00000000
1510.00000000
1508.60000000
1508.60000000
1501.20000000
1510.00000000
1504.40000000
1493.60000000
1508.20000000
1511.60000000
1502.20000000
1505.00000000
1510.40000000
1501.40000000
1511.00000000
1511.00000000
1508.20000000
1506.80000000
1503.40000000
1507.20000000
1512.60000000
1504.60000000
1505.40000000
1501.80000000
1505.40000000
1508.40000000
1507.60000000
1503.40000000
1507.60000000
1486.60000000
1505.00000000
1510.80000000
1508.80000000
1512.20000000
1495.60000000
1503.60000000
1508.00000000
1506.40000000
1506.20000000
1509.60000000
1507.40000000
1502.40000000
1509.00000000
1510.80000000
1508.40000000
1510.20000000
1505.80000000
1504.40000000
1512.60000000
1504.40000000
1513.60000000
1512.00000000
1510.60000000
1497.00000000
1510.20000000
1508.80000000
1509.20000000
1504.60000000
1503.80000000
1509.00000000
1504.00000000
1509.40000000
1505.00000000
1508.40000000
1497.40000000
1509.00000000
1502.60000000
1497.00000000
1502.60000000
1432.40000000
1509.80000000
1510.40000000
1503.80000000
1509.00000000
1508.00000000
1512.60000000
1508.40000000
1507.60000000
1502.40000000
1508.00000000
1507.60000000
1512.80000000
1499.40000000
1511.00000000
1501.80000000
1509.20000000
1507.60000000
1500.40000000
1504.40000000
1509.80000000
1511.60000000
1508.20000000
1505.40000000
1502.60000000
1510.20000000
1506.80000000
1509.00000000
1506.60000000
1499.80000000
1505.20000000
1514.60000000
1503.40000000
1503.60000000
1511.80000000
1509.20000000
1512.20000000
1503.60000000
1501.80000000
1501.20000000
1508.20000000
1512.20000000
1512.00000000
1507.40000000
1506.20000000
1507.80000000
1509.80000000
1505.40000000
1509.00000000
1504.00000000
1510.80000000
1511.60000000
1507.80000000
1508.60000000
1514.20000000
1513.00000000
1511.40000000
1510.00000000
1507.40000000
1511.80000000
1500.20000000
1508.60000000
1506.60000000
1504.80000000
1508.00000000
1504.80000000
1509.80000000
1513.40000000
1511.00000000
1507.80000000
1508.40000000
