1512.2000724649067
1512.8000348473624
1511.199982301449
1511.0000950278352
1510.800060035859
1503.999959777374
1504.9999790940842
1507.2000707632153
1502.8000108776853
1508.0000395728525
1509.6000928643873
1508.599967557715
1509.1999830859527
1511.2000096742277
1508.0000142358333
1504.199963998389
1511.400094261231
1510.9999584769814
1511.6000024624775
1515.5999091500248
1507.8000565749446
1511.6000767660453
1512.400065545839
1509.800064777684
1513.0000963051978
1510.400055290757
1506.2000014330088
1509.7999540783737
1511.200054578974
1511.6000511892178
1507.399961553994
1512.6000901591406
1513.600041611238
1511.8000728330999
1508.5999519255527
1511.3999560658622
1512.3999863845868
1506.7999704579145
1501.1999789751173
1516.1999729829108
1513.600035532663
1514.2000416017427
1515.200020479035
1514.4000009699032
1506.8000425568914
1509.9999440490371
1513.8000761743222
1505.400040814153
1510.2000979490563
1512.5999302285968
1512.79993227631
1509.1999210902798
1515.5999261835161
1510.2000119134807
1512.1999727960063
1517.5999365598827
1507.4000832944023
1512.799945743173
1512.8000289226875
1507.8000375773436
1514.5999559380896
1512.799981651576
1515.4000125079885
1519.19991927318
1515.799900272717
1502.7999097933387
1511.6000998009072
1511.9999956893394
1513.2000050747379
1513.9999988053837
1517.7999161941761
1512.8000114468875
1508.3999936109567
1515.9999619900611
1517.4000214739563
1520.2000546462225
1519.800040991206
1521.4000609211791
1520.000071842746
1517.6000113036243
1517.7999669475273
1511.3999594095335
1515.3999838106347
1517.9999812494684
1515.7999763085013
1517.9999374747774
1521.9999144549313
1519.600007548544
1470.3999111872276
1519.5999697749373
1518.199932207773
1525.6000684219605
1520.400088030284
1524.600005614986
1517.1999405407892
1511.1999236772292
1517.8000038483553
1508.599948505264
1519.6000568157394
1521.999935867981
1516.8000374115486
1507.6000958283944
1517.200005259817
1520.199923911059
1513.4000273762424
1508.8000822832967
1518.5999817496174
1518.9999789568117
1519.39998457931
1516.9999900619728
1513.600021636332
1514.4000210033043
1517.5999151757164
1501.3999673128587
1518.7999136025903
1524.0000173523229
1520.8000861179883
1521.9999916425427
1525.999964765999
1523.39997961332
1520.1999471048425
1529.000055221816
1522.600063840624
1527.2000078742362
1520.4000206432208
1513.4000395308562
1514.0000822634709
1518.600008226829
1524.3999167079069
1522.4000864149127
1533.400055273629
1515.6000208559437
1517.599981684226
1520.9999124472238
1525.6000840822649
1532.199996374674
1533.1999402933325
1536.0000481325717
1531.8000639102008
1529.0000597069275
1536.7999401369734
1532.4000383928487
1538.6000627710368
1532.2000169091184
1541.0000700186959
1544.4000594809377
1537.9999062315853
1535.5999605850977
1541.5999353535392
1538.8000058470614
1543.2000663568926
1546.400096012285
1544.800084394469
1542.999909954774
1544.8000801820808
1544.6000471132681
1539.5999710334727
1540.0000838316257
1541.399921529125
1544.000029689277
1539.7999543037538
1530.200064870388
1531.7999288562166
1541.2000461828525
1546.3999491256604
1546.199960697106
1542.3999285413586
1536.1999931156745
1543.4000538362188
1546.6000703725406
1531.600017406275
1547.600000241142
1538.3999576910376
1550.6000486999687
1548.2000537580075
1546.4000166174155
1547.999933099735
1549.6000427581123
1550.5999638768762
1547.8000199606968
1546.4000238324916
1535.4000730104603
1546.4000467775093
1534.5999165326634
1542.2000178593887
1546.7999537337885
1545.2000596532907
1542.6000462519976
1539.6000660935076
1513.9999928228078
1536.9999357850365
1543.799994319011
1545.8000282787011
1545.199943149976
1540.400065072095
1540.3999739585747
1540.5999254421176
1543.199985261138
1542.5999607552426
1527.600061510031
1543.199969676958
1547.0000660321007
1541.3999387882411
1540.2000567525608
1538.3999642910233
1534.9999089735231
1539.1999660799331
1533.0000611540675
1542.0000649604926
1541.800047932077
1544.2000081123838
1548.1999324764158
1545.8000524585282
1538.7999276227445
1540.1999619197713
1536.1999838930917
1541.8000780887285
1549.6000796750493
1546.0000133773594
1545.1999027759164
1551.4000328094019
1553.1999913015397
1545.3999939160972
1542.1999336794013
1538.5999713189904
1548.0000384011553
1558.5999491736738
1553.8000302432
1554.7999668641417
1558.6000019199407
1559.000091032254
1557.200026424908
1552.6000717334962
1562.0000184478733
1560.1999615158109
1552.5999834214847
1561.2000789838753
1556.5999262361747
1556.4000578296034
1554.9999874635669
1558.4000456437634
1560.1999829375868
1562.9999205711474
1558.5999799546673
1550.5999983366576
1555.7999246224933
1565.9999177612976
1564.1999879701518
1569.399922887192
1570.6000232025942
1571.600041872034
1565.2000970667682
1567.7999419623084
1563.5999532101705
1570.6000800430193
1562.1999385318375
1558.3999748844321
1570.3999799329295
1565.9999275681828
1569.8000660563982
1569.5999585929383
1562.8000442485131
1569.0000198256841
1552.800039374925
1571.3999914986907
1566.199906783878
1562.799950149229
1565.3999773624955
1561.4000589050406
1561.2000555034497
1572.5999379119617
1559.5999304826514
1560.799985803588
1566.5999475837198
1564.6000875000395
1558.8000227894986
1566.2000682759538
1568.9999367289117
1558.6000268868606
1558.199979514065
1565.8000382322277
1572.1999393153217
1570.6000971285487
1572.2000583501958
1576.6000290788825
1574.0000366522434
1576.199986664877
1579.0000697193534
1577.2000407610863
1581.200093952084
1582.599978719518
1571.5999151871397
1578.3999873716514
1578.9999124374403
1579.2000436338074
1579.1999584784653
1579.2000140243547
1570.199904746829
1580.0000009826956
1578.2000223281425
1576.7999519921773
1581.8000075291575
1567.6000279874454
1571.0000284807736
1576.3999179356963
1576.5999864093358
1570.9999682030098
1572.400096807382
1575.199968066589
1580.400089866077
1583.9999753066827
1587.7999976001183
1580.5999236822379
1590.2000847518937
1590.4000927567715
1593.3999284099664
1592.6000667700378
1592.199960665593
1592.8000650206718
1589.3999327838244
1597.3999213550874
1591.9999995047526
1585.999978823284
1592.4000487713
1589.200006894646
1580.4000178925567
1573.800067644792
1583.0000119116296
1582.4000848610904
1589.4000127261606
1592.8000295583333
1591.8000823615089
1585.399974990457
1592.9999477912145
1596.7999050361052
1589.2000686883468
1582.800052926452
1574.199924033447
1579.6000689571765
1587.8000466663207
1590.5999365220084
1597.5999035787372
1587.6000822040926
1594.9999018021358
1589.0000675456183
1598.7999627482236
1593.6000007462048
1602.6000705547608
1590.9999541975114
1602.1999154502873
1605.6000423877372
1601.9999891457467
1600.600080660374
1603.7999690403622
1604.8000307002621
1608.2000999309817
1602.2000515629688
1602.2000346675748
1609.4000917531173
1605.6000283461015
1605.8000334395658
1603.3999624190521
1599.99993899879
1609.599995200658
1609.4000798320226
1604.4000357440236
1611.4000880395572
1606.2000816193902
1614.600009466189
1610.199966011665
1597.9999406286065
1596.7999587304482
1607.6000660146817
1613.400089562468
1611.0000783781618
1604.3999843104104
1609.6000328066702
1612.1999723344945
1612.0000871151447
1609.7999853075553
1613.5999774350162
1619.7999838127698
1618.8000216411347
1612.1999248362674
1614.4000022847645
1612.1999143654655
1606.9999276757228
1616.2000886141166
1616.4000545307206
1615.599944939721
1599.5999237968929
1598.799947542842
1578.8000826106706
1605.7999791662407
1602.6000204650136
1602.4000160399912
1605.6000539490408
1606.3999584673088
1605.2000315075184
1610.8000270584441
1607.1999230939855
1614.2000493975563
1608.5999650209558
1612.7999325391945
1610.6000989757815
1605.8000429870503
1614.8000202979022
1618.7999675895578
1611.9999665195844
1605.9999961581914
1610.6000861163718
1608.6000547983135
1601.0000190752578
1601.4000315751894
1604.0000205150134
1612.4000301884885
1619.1999893800487
1618.4000732445757
1620.5999520826447
1615.400018762163
1623.6000489873245
1623.6000072063032
1617.4000590608275
1619.8000522862103
1620.2000927818422
1615.2000710651264
1594.2000542513626
1620.0000341222828
1602.8000530197564
1617.4000276106876
1621.9999056555719
1621.2000292201392
1625.6000405303719
1618.1999517995362
1622.999946462132
1623.400041698725
1615.2000285218605
1620.5999284458999
1620.2000846129718
1619.1999034329137
1618.9999576359546
1610.800009308123
1611.1999078518204
1616.6000063649528
1617.4000784576958
1616.3999076830216
1613.600057285567
1612.6000951881501
1612.9999720238957
1614.0000975590142
1615.1999829900844
1613.8000629005862
1611.6000869652864
1614.7999122914314
1617.0000645174653
1621.5999368430475
1613.8000590783838
1617.400088958523
1612.7999209046359
1616.9999297146444
1594.6000871020328
1613.5999926251359
1622.9999401898208
1615.6000435180138
1619.7999901416815
1610.5999005760718
1613.4000531175411
1614.400008708753
1611.1999903410333
1617.3999354668476
1619.3999397564348
1616.3999781964876
1618.6000622776817
1617.7999306447282
1616.599926939142
1612.2000109265523
1598.3999378437165
1618.1999756529763
1618.199923213031
1622.800028344609
1617.0000567019497
1614.800099795778
1614.9999677812539
1617.3999302732489
1618.2000438276602
1610.6000192207607
1611.8000772244363
1608.4000282481827
1615.800089538658
1615.7999223582497
1614.200045466024
1613.4000319256747
1601.7999832756727
1614.3999753878484
1606.8000293170987
1611.0000143565128
1610.600026989856
1612.999938645162
1614.2000103945938
1613.9999087666488
1610.9999141558233
1612.7999398558704
1608.9999914769237
1615.0000992361408
1617.3999496271656
1614.399985234626
1612.4000210001375
1611.3999240260162
1612.5999155717577
1619.9999409798095
1617.2000814745923
1622.200081251158
1623.40006464011
1622.9999679725952
1620.7999081185803
1617.599949751012
1620.4000173218733
1609.0000577416563
1608.6000524123854
1612.5999189283186
1615.2000741638835
1621.800004900715
1620.3999602759463
1600.8000948579925
1612.4000847307202
1623.5999951171784
1617.9999743111284
1619.3999716377516
1621.200083563346
1618.8000726606233
1621.9999030392883
1616.600067049556
1625.000010535123
1620.0000339556823
1619.7999481474696
1614.7999422479056
1609.199995065649
1614.8000421110255
1615.9999275777197
1616.1999666973727
1607.8000869361936
1614.1999248274362
1609.7999497638593
1606.4000191767873
1606.6000558654437
1599.2000623056886
1596.6000737581928
1613.0000025296345
1609.7999388104831
1610.7999595210204
1607.5999831514694
1612.8000898577288
1606.6000574067332
1612.8000111391632
1610.3999988608136
1610.99993987948
1607.7999349743554
1609.9999773750255
1615.3999893525495
1615.599911171165
1614.0000852069625
1618.199946493473
1599.1999569226393
1606.999992262428
1617.799935707992
1617.400021882176
1615.2000207853432
1614.6000601079572
1605.6000936318214
1606.599995017945
1609.1999623544652
1604.20008742934
1613.399936946353
1612.6000529564644
1614.8000806259404
1611.000023844772
1614.6000628987483
1613.1999513717992
1608.5999026727766
1600.0000203397524
1613.4000366029186
1614.1999108944922
1599.3999606788918
1609.0000379929202
1609.3999891998292
1610.2000299132758
1611.8000184068342
1606.7999903138336
1588.9999562857727
1606.999916691872
1604.9999394930906
1609.9999097697598
1607.1999051217847
1607.2000205016348
1597.0000258582045
1598.7999334735848
1605.3999804971456
1605.3999363000416
1609.5999860692473
1606.4000783340534
1602.0000330125897
1598.79994702669
1600.599975063007
1605.800055665903
1602.200032184252
1604.1999101693914
1605.5999866852744
1609.3999367916774
1606.200059367184
1612.6000968303208
1606.0000595587367
1616.5999398090964
1607.1999997296773
1606.399917300295
1608.8000919061556
1606.599917605211
1609.799962866326
1606.9999240736063
1607.9999484828743
1609.8000338120257
1607.0000230084572
1612.5999007284051
1606.6000610977028
1607.599971425555
1607.5999025127703
1605.3999509976657
1607.3999362417615
1607.7999822187667
1603.0000945404313
1600.0000880458645
1605.6000035305615
1603.199972945905
1609.2000805761104
1607.0000590454074
1604.6000187659647
1605.9999298746573
1605.6000411419482
1607.999910816307
1603.5999820634568
1600.5999067032321
1597.0000333312
1600.3999380259509
1598.9999513066002
1601.5999057758613
1605.6000793962069
1605.8000184126245
1601.3999793235528
1601.0000798016395
1600.6000734776246
1595.2000030988352
1595.6000018031887
1591.9999368062786
1603.3999274393962
1603.8000726907192
1598.5999313484538
1593.400063506223
1596.9999505119567
1601.3999828552712
1605.0000112145306
1605.6000346663325
1601.1999646373376
1603.1999562246865
1602.8000583023147
1579.3999873972675
1598.6000714597492
1585.6000438650563
1593.399980601795
1599.0000051312695
1595.4000903987842
1596.2000453102223
1588.8000567186932
1592.1999361373305
1575.0000367644338
1603.9999673473815
1591.2000174407817
1583.2000409300101
1592.1999269970602
1586.0000826781031
1596.9999793471015
1591.4000519042522
1587.6000521667518
1596.2000099364109
1593.5999099112223
1584.2000778407344
1576.2000845312255
1581.9999171742934
1584.1999762976595
1586.800088684691
1588.4000571483907
1587.7999787875954
1594.8000957529282
1592.9999499694409
1581.1999149371363
1589.9999426076622
1588.399998508535
1590.600009998306
1593.6000586328455
1589.3999118689458
1586.199900522867
1589.7999217761287
1589.799932319841
1588.1999201713368
1586.999968763453
1589.9999908693098
1591.9999103087093
1588.1999719195333
1584.7999555155636
1590.399983140956
1589.7999149963448
1593.1999503988327
1589.200025513638
1589.80001573553
1596.4000607852838
1582.7999686762482
1584.7999441891823
1593.2000244386136
1594.0000331723425
1593.7999549469257
1583.8000695578307
1596.5999044320022
1588.6000314418727
1591.2000725037763
1591.999942616262
1588.800000853593
1588.8000275163167
1591.799991517071
1590.799912177322
1592.3999217500084
1583.2000667328118
1589.0000237097217
1590.799924482664
1590.6000545746547
1594.200083298385
1588.600095214637
1587.4000374051027
1587.6000861872126
1583.6000944698544
1584.8000194468962
1584.1999092991712
1581.9999338159987
1585.4000638501323
1588.19993786976
1584.800054716799
1580.0000625956682
1580.6000688843583
1586.0000199833512
1583.4000701883585
1583.5999530348006
1576.0000795989483
1567.1999753019902
1571.9999593114676
1578.599908927757
1578.3999977781068
1575.9999250018825
1571.399958929763
1576.000040215311
1581.5999510441786
1572.0000362767855
1575.5999356189784
1574.9999391065294
1581.0000174869874
1573.3999442544214
1567.5999994160522
1575.600047529591
1574.8000950054343
1574.2000618523873
1572.9999209337038
1575.800069114547
1575.5999083102247
1571.9999272001753
1580.6000733869087
1579.399957181839
1575.2000808136113
1569.3999996345076
1575.399957442792
1572.8000826803868
1574.6000490019517
1568.5999000524605
1575.7999570706945
1565.4000302559
1567.4000930483792
1572.9999481410946
1571.5999275318552
1561.5999574920459
1578.5999950058688
1573.799952479344
1575.5999168465012
1570.8000055676955
1577.8000637936966
1575.3999591902473
1577.6000082157952
1569.600065044245
1574.600011837184
1576.1999879098016
1570.3999756845008
1575.7999627811218
1575.9999620221727
1574.9999465969001
1581.1999890058019
1569.9999644528516
1578.0000793812
1565.5999024921439
1574.8000903490552
1578.5999261360112
1579.9999837440737
1570.9999752852389
1575.9999493776677
1569.6000744256069
1570.8000453826842
1560.9999746899061
1543.0000650531915
1555.7999498023498
1557.6000712797995
1549.4000758460122
1551.799929823591
1541.1999984424954
1550.800060546052
1551.4000789963036
1558.600049389488
1564.6000855235513
1563.3999688822523
1565.5999940997401
1561.8000634973241
1557.8000175566438
1547.600003186948
1557.4000477266266
1546.6000390593465
1557.6000296151774
1558.0000559032233
1557.4000834031458
1554.200094480407
1553.60007443107
1555.0000431434564
1556.6000761003652
1562.2000263323619
1552.0000280948743
1559.9999126677444
1555.999963873043
1559.2000424562746
1554.800029085465
1557.2000405089068
1563.2000081667563
1562.4000130777233
1554.4000671651681
1561.9999865798288
1563.0000364639284
1563.600026776976
1560.0000474837395
1565.5999454546707
1554.599912474116
1557.4000350928522
1566.7999222214517
1563.8000966370255
1564.4000135746394
1561.599929543998
1564.7999849755226
1562.7999882266913
1562.4000112801089
1568.1999960099495
1562.7999534061846
1561.7999235874618
1563.9999900789994
1566.7999857727575
1571.5999517540392
1570.200026317942
1574.1999596054975
1571.8000182270596
1568.3999253600398
1570.3999880888118
1570.5999600469743
1563.1999865950306
1571.6000274117723
1570.3999492824887
1570.200011848434
1566.8000926003804
1562.6000609624623
1567.6000085101375
1567.39996808013
1566.6000816516198
1566.2000144972421
1566.999985119768
1565.6000016010444
1566.0000158736764
1567.0000510014265
1561.2000431424565
1565.5999264759141
1566.3999453488073
1564.9999048177767
1556.399901476894
1562.4000545233419
1560.6000613336003
1552.4000045585258
1562.5999933119608
1564.8000531128448
1559.1999248493032
1557.8000995057007
1562.0000719003126
1544.599991304545
1538.8000484294757
1528.8000789170271
1525.7999583144754
1531.8000606372082
1536.79999155851
1536.999957563725
1539.7999790352305
1535.2000619915234
1534.399984055361
1534.199993211811
1538.9999669772526
1545.2000209654052
1547.7999877532914
1545.399995958215
1549.9999936088038
1532.0000113265223
1552.8000030843757
1560.200042785752
1560.2000466107786
1560.0000433226871
1544.0000070470674
1554.1999581341252
1559.4000648690562
1555.6000360503704
1556.8000064613154
1557.7999415339855
1560.5999232945796
1553.399957476697
1558.3999452122252
1557.3999816341968
1557.5999098275877
1563.5999122185228
1555.0000693600114
1553.2000081554613
1562.8000599822924
1555.3999651031797
1560.6000099541889
1558.8000732860073
1559.2000545456062
1544.599972820276
1560.0000427548666
1556.2000142084312
1557.79990125637
1553.6000184899485
1551.8000039489068
1558.1999774213214
1555.3999535461217
1558.5999705054724
1550.1999767615919
1556.2000952358924
1543.800076026379
1559.4000130501722
1549.2000460800177
1542.200062031244
1550.3999574430636
1477.2000437879337
1554.4000894295666
1555.0000883004489
1545.800035530096
1553.1999648813735
1550.5999252364206
1550.4000568365464
1547.4000018114111
1551.4000360912314
1545.6000941697532
1550.800071049296
1548.9999618690676
1553.1999405437227
1539.4000429976713
1553.5999570801846
1542.2000446776574
1550.3999825881845
1548.8000257808733
1543.5999825255524
1547.6000880513288
1548.6000935738696
1550.7999867856404
1550.2000755429717
1546.7999303242034
1542.200002376189
1550.1999164381702
1547.800049579452
1547.8000818779083
1545.7999603295632
1539.999929355984
1549.4000130311294
1551.9999399949152
1539.5999091564893
1544.7999442559935
1550.5999051153083
1545.999918390164
1548.5999015468917
1542.400082553112
1542.5999885224933
1538.3999432308476
1548.399950922027
1551.3999534040233
1550.8000359585185
1547.2000513279647
1543.8000960916506
1545.5999908985757
1542.999953331926
1542.2000502759918
1548.2000218186263
1540.5999807610979
1544.8000440994613
1546.2000924369404
1541.3999843649558
1539.1999959832972
1542.600088641406
1543.6000195474921
1541.200074484588
1537.2000472043069
1536.1999669752415
1541.999981299651
1526.199969561946
1534.6000506967039
1537.2000734625524
1529.8000432898027
1536.000035129413
1531.600053027438
1536.00008841813
1540.4000288234188
1539.600060386669
1538.7999989019122
1541.799933572465
